 300 103 123.043 85.4523
 320 70.6 84.6205 58.3024
 340 49.3 59.3622 40.5404
 360 35.1 42.427 28.7312
 380 25.3 30.7202 20.611
 400 18.5 22.543 14.9981
 420 13.6 16.6401 10.9817
 440 10.2 12.521 8.2046
 460 7.66 9.44013 6.136
 480 5.82 7.19888 4.6464
 500 4.46 5.53784 3.54679
 520 3.44 4.28718 2.72646
 540 2.66 3.32951 2.09915
 560 2.08 2.61303 1.63563
 580 1.63 2.05466 1.27699
 600 1.29 1.63189 1.00685
 620 1.02 1.29573 0.792356
 640 0.816 1.0396 0.632442
 660 0.653 0.83527 0.503863
 680 0.525 0.673689 0.403412
 700 0.424 0.546223 0.32494
 720 0.344 0.444771 0.262909
 740 0.279 0.362013 0.21232
 760 0.228 0.29701 0.173005
 780 0.186 0.243115 0.140571
 800 0.153 0.200704 0.115317
 820 0.126 0.165936 0.0947327
 840 0.104 0.137421 0.0778817
 860 0.0856 0.113579 0.0638145
 880 0.0709 0.0943594 0.052622
 900 0.0588 0.0785769 0.043479
 920 0.0489 0.0656068 0.0359951
 940 0.0408 0.0549142 0.0299446
 960 0.0341 0.04607 0.024906
 980 0.0285 0.0386625 0.0207545
 1000 0.0239 0.0325504 0.0173207
 1020 0.02 0.0273588 0.0144268
 1040 0.0168 0.0230738 0.0120799
 1060 0.0141 0.0194404 0.0100863
 1080 0.0119 0.0164822 0.00847184
 1100 0.01 0.0139147 0.00708717
 1120 0.00845 0.0118013 0.00595886
 1140 0.00714 0.0100183 0.00501036
 1160 0.00605 0.0085208 0.00422416
 1180 0.00513 0.00725778 0.00356494
 1200 0.00435 0.00618195 0.00300728
 1220 0.00369 0.00526738 0.0025386
 1240 0.00314 0.00450197 0.00214977
 1260 0.00267 0.00384501 0.00181902
 1280 0.00227 0.00328619 0.00153605
 1300 0.00193 0.00280678 0.00129944
 1320 0.00164 0.00239852 0.00109821
 1340 0.0014 0.00205691 0.000931476
 1360 0.00119 0.00175755 0.000787499
 1380 0.00102 0.00151422 0.000671494
 1400 0.000866 0.0012926 0.000566354
 1420 0.000739 0.00110862 0.000479895
 1440 0.000631 0.000951522 0.00040742
 1460 0.000539 0.000817402 0.000345671
 1480 0.00046 0.000701118 0.000292734
 1500 0.000393 0.000602323 0.000248262
 1520 0.000336 0.000517825 0.000210814
 1540 0.000287 0.000444861 0.000178718
 1560 0.000245 0.000382177 0.000151342
 1580 0.000209 0.000327902 0.00012787
 1600 0.000179 0.000282533 0.000108804
 1620 0.000153 0.000243007 9.23063e-05
 1640 0.000131 0.000209361 7.82499e-05
 1660 0.000112 0.000180052 6.634e-05
 1680 9.52e-05 0.000154017 5.58615e-05
 1700 8.13e-05 0.000132435 4.72597e-05
 1720 6.94e-05 0.000113806 3.99537e-05
 1740 5.93e-05 9.78639e-05 3.38756e-05
 1760 5.06e-05 8.40543e-05 2.86209e-05
 1780 4.31e-05 7.21177e-05 2.41297e-05
 1800 3.68e-05 6.20064e-05 2.04038e-05
 1820 3.14e-05 5.32791e-05 1.72341e-05
 1840 2.67e-05 4.56654e-05 1.44942e-05
 1860 2.28e-05 3.92622e-05 1.22591e-05
 1880 1.94e-05 3.3654e-05 1.03016e-05
 1900 1.65e-05 2.8843e-05 8.66483e-06
 1920 1.4e-05 2.46542e-05 7.26134e-06
 1940 1.19e-05 2.11239e-05 6.10043e-06
 1960 1.02e-05 1.82237e-05 5.16703e-06
 1980 8.63e-06 1.55452e-05 4.3238e-06
